# 1500 1500
[7935,9389 ,7673,9575 ,7531,10077 ,7498,12252 ,7542,12832 ,7673,13280 ,7891,13477 ,8121,13488 ,8340,13345 ,8482,12952 ,8536,10646 ,8493,10045 ,8372,9607 ,8197,9422 ,7935,9389 ]
[10646,8624 ,12056,8635 ,12067,13094 ,12504,13509 ,12865,13433 ,13061,13105 ,13050,8646 ,14264,8646 ,14275,13116 ,14056,13772 ,13619,14165 ,11892,14340 ,11258,14111 ,10832,13684 ,10635,12985 ,10646,8624 ]
[2011,8613 ,3410,8635 ,4066,10821 ,4787,8646 ,5990,8624 ,4700,11968 ,4700,14264 ,3290,14253 ,3268,12067 ,2011,8613 ]
[7913,8493 ,8853,8635 ,9520,9116 ,9913,9892 ,10099,11105 ,10012,12602 ,9684,13542 ,9017,14176 ,8132,14384 ,7170,14231 ,6525,13761 ,6099,12897 ,5935,11782 ,6011,10340 ,6350,9356 ,7028,8700 ,7913,8493 ]
[6296,6186 ,6296,6798 ,6285,6809 ,6296,6875 ,6536,6864 ,6602,6831 ,6678,6755 ,6722,6656 ,6733,6438 ,6678,6296 ,6569,6208 ,6492,6186 ,6296,6186 ]
[4459,6154 ,4361,6219 ,4285,6471 ,4263,7465 ,4328,7891 ,4383,7968 ,4525,8001 ,4634,7935 ,4711,7706 ,4733,6613 ,4711,6405 ,4645,6219 ,4558,6154 ,4459,6154 ]
[10941,5804 ,12668,5826 ,12657,6219 ,12121,6219 ,12089,8361 ,11466,8340 ,11466,6219 ,10930,6208 ,10941,5804 ]
[9422,5804 ,10864,5826 ,10832,6208 ,10056,6208 ,10056,6842 ,10646,6853 ,10635,7268 ,10056,7268 ,10056,7946 ,10864,7946 ,10875,8350 ,9400,8340 ,9422,5804 ]
[5673,5804 ,6831,5848 ,7050,5924 ,7290,6143 ,7389,6460 ,7356,6755 ,7017,7181 ,7367,8350 ,6722,8340 ,6427,7257 ,6296,7257 ,6285,8340 ,5640,8340 ,5673,5804 ]
[3552,5804 ,3541,6208 ,2776,6241 ,2776,6875 ,3334,6875 ,3355,7279 ,2776,7301 ,2765,8340 ,2131,8350 ,2153,5826 ,3552,5804 ]
[13444,5760 ,13837,5793 ,14100,5924 ,14285,6186 ,14351,6492 ,13772,6547 ,13673,6208 ,13466,6164 ,13302,6274 ,13356,6580 ,14143,7137 ,14438,7629 ,14264,8165 ,13673,8416 ,13007,8274 ,12832,8088 ,12733,7618 ,13291,7618 ,13345,7891 ,13531,8012 ,13837,7859 ,13783,7585 ,12996,7039 ,12701,6558 ,12821,6066 ,13138,5826 ,13444,5760 ]
[7990,5826 ,8744,5793 ,9148,6132 ,9214,6722 ,8657,6722 ,8569,6241 ,8471,6164 ,8263,6230 ,8165,6503 ,8143,7421 ,8263,7935 ,8493,7990 ,8646,7826 ,8689,7564 ,8449,7520 ,8449,7170 ,9236,7159 ,9236,8350 ,8963,8350 ,8864,8197 ,8471,8405 ,8110,8383 ,7782,8219 ,7564,7902 ,7443,7192 ,7498,6536 ,7695,6077 ,7990,5826 ]
[4438,5749 ,4864,5804 ,5192,6044 ,5356,6383 ,5432,6853 ,5410,7509 ,5235,8034 ,4984,8285 ,4569,8405 ,4208,8372 ,3924,8230 ,3694,7924 ,3574,7421 ,3596,6613 ,3760,6132 ,4033,5858 ,4438,5749 ]
[8121,2623 ,7859,4044 ,7848,4241 ,8361,4219 ,8121,2623 ]
[5662,2612 ,5640,2853 ,5640,3618 ,5793,3629 ,5990,3596 ,6110,3530 ,6208,3388 ,6241,3246 ,6241,2984 ,6219,2875 ,6154,2743 ,6099,2689 ,5990,2634 ,5662,2612 ]
[12274,2077 ,14209,2088 ,14198,2612 ,13127,2623 ,13127,3476 ,13903,3476 ,13925,3760 ,13903,4044 ,13116,4055 ,13116,4962 ,14231,4973 ,14220,5509 ,12242,5498 ,12274,2077 ]
[4798,2077 ,5837,2077 ,6460,2175 ,6919,2470 ,7083,2809 ,7083,3399 ,6842,3847 ,6394,4088 ,5640,4132 ,5607,5498 ,4765,5476 ,4798,2077 ]
[8831,2077 ,9400,5487 ,8569,5509 ,8427,4755 ,7749,4744 ,7618,5498 ,6908,5498 ,7574,2099 ,8831,2077 ]
[10646,2000 ,11116,2033 ,11498,2208 ,11750,2547 ,11848,3301 ,11094,3323 ,10963,2623 ,10722,2547 ,10547,2711 ,10416,4153 ,10558,4962 ,10843,5028 ,10985,4929 ,11127,4230 ,11859,4263 ,11782,4897 ,11619,5214 ,11280,5476 ,10810,5574 ,10220,5487 ,9826,5181 ,9607,4722 ,9509,3989 ,9575,3115 ,9771,2569 ,10165,2153 ,10646,2000 ]
[3071,2011 ,3946,2142 ,4230,2416 ,4372,3049 ,3640,3049 ,3552,2656 ,3312,2536 ,2973,2754 ,3071,3104 ,4164,3891 ,4492,4416 ,4481,4864 ,4317,5170 ,3574,5552 ,2711,5443 ,2394,5159 ,2241,4744 ,2252,4503 ,2984,4503 ,3192,5006 ,3552,4995 ,3716,4820 ,3618,4416 ,2612,3727 ,2219,3159 ,2339,2437 ,2667,2142 ,3071,2011 ]
[700,667 ,721,15728 ,15739,15728 ,15739,656 ,700,667 ]
